Name:
Максимальное число идущих подряд равных элементов

Statement:
Дана последовательность натуральных чисел, завершающаяся числом 0. Определите, какое наибольшее число подряд идущих элементов этой последовательности равны друг другу.

Test:
1
7
7
9
1
0

Answer:
2


Test:
1
2
3
4
5
6
7
8
9
10
11
0

Answer:
1


Test:
4
4
4
4
4
4
4
4
4
4
4
4
4
4
4
0

Answer:
15


Test:
6
0

Answer:
1


Test:
1
2
3
2
3
3
2
4
4
4
4
2
3
3
3
2
2
3
0

Answer:
4


Test:
1
2
2
1
2
1
2
1
2
0

Answer:
2


Test:
1
2
2
0

Answer:
2


Test:
2
2
1
0

Answer:
2


Test:
1
2
3
3
2
2
4
4
4
4
4
5
5
5
6
3
3
3
3
3
3
5
5
5
5
3
3
3
4
5
5
5
0

Answer:
6


Test:
1
2
1
1
1
2
0

Answer:
3


Test:
2
1
1
1
1
2
1
0

Answer:
4
