Name:
Диагонали, параллельные главной

Statement:
<p>Дано число <code>n</code>. Создайте массив размером <code>n&times;n</code> и заполните его по следующему правилу. На главной диагонали должны быть записаны числа 0. На двух диагоналях, прилегающих к главной, числа 1. На следующих двух диагоналях числа 2, и т.д.

Test:
5

Answer:
0 1 2 3 4
1 0 1 2 3
2 1 0 1 2
3 2 1 0 1
4 3 2 1 0


Test:
6

Answer:
0 1 2 3 4 5
1 0 1 2 3 4
2 1 0 1 2 3
3 2 1 0 1 2
4 3 2 1 0 1
5 4 3 2 1 0


Test:
7

Answer:
0 1 2 3 4 5 6
1 0 1 2 3 4 5
2 1 0 1 2 3 4
3 2 1 0 1 2 3
4 3 2 1 0 1 2
5 4 3 2 1 0 1
6 5 4 3 2 1 0


Test:
4

Answer:
0 1 2 3
1 0 1 2
2 1 0 1
3 2 1 0


Test:
3

Answer:
0 1 2
1 0 1
2 1 0


Test:
2

Answer:
0 1
1 0


Test:
1

Answer:
0