Name:
Побочная диагональ

Statement:
<p>Дано число <code>n</code>. Создайте массив размером <code>n&times;n</code> и заполните его по следующему правилу:  <p>Числа на диагонали, идущей из правого верхнего в левый нижний угол равны 1.  <p>Числа, стоящие выше этой диагонали, равны 0.  <p>Числа, стоящие ниже этой диагонали, равны 2. <p>Полученный массив выведите на экран. Числа в строке разделяйте одним пробелом.



Test:
4

Answer:
0 0 0 1 
0 0 1 2 
0 1 2 2 
1 2 2 2 


Test:
1

Answer:
1 


Test:
2

Answer:
0 1 
1 2 


Test:
3

Answer:
0 0 1 
0 1 2 
1 2 2 


Test:
5

Answer:
0 0 0 0 1 
0 0 0 1 2 
0 0 1 2 2 
0 1 2 2 2 
1 2 2 2 2 


Test:
6

Answer:
0 0 0 0 0 1 
0 0 0 0 1 2 
0 0 0 1 2 2 
0 0 1 2 2 2 
0 1 2 2 2 2 
1 2 2 2 2 2 


Test:
7

Answer:
0 0 0 0 0 0 1 
0 0 0 0 0 1 2 
0 0 0 0 1 2 2 
0 0 0 1 2 2 2 
0 0 1 2 2 2 2 
0 1 2 2 2 2 2 
1 2 2 2 2 2 2 


Test:
8

Answer:
0 0 0 0 0 0 0 1 
0 0 0 0 0 0 1 2 
0 0 0 0 0 1 2 2 
0 0 0 0 1 2 2 2 
0 0 0 1 2 2 2 2 
0 0 1 2 2 2 2 2 
0 1 2 2 2 2 2 2 
1 2 2 2 2 2 2 2 