Name:
Четные индексы

Statement:
Выведите все элементы списка с четными индексами
(то есть <code>A[0]</code>, <code>A[2]</code>, <code>A[4]</code>, ...).

Test:
1 2 3 4 5

Answer:
1 3 5 


Test:
4 5 3 4 2 3

Answer:
4 3 2 


Test:
9 4 5 2 3

Answer:
9 5 3 


Test:
6

Answer:
6 


Test:
7 8

Answer:
7 


Test:
1 2 3

Answer:
1 3 


Test:
90 45 3 43

Answer:
90 3 


Test:
40 64 -80 -98 -68 56 85 87 -68 -78

Answer:
40 -80 -68 85 -68 


Test:
-1 -11 -40 3 -47 -37 -18 -100 6 -29 14 -1 -89 -20 -36 7 5 78 -5 85

Answer:
-1 -40 -47 -18 6 14 -89 -36 5 -5 


Test:
-46 35 72 -79 38 -32 1 23 -84 -84 50 -46 -57 -44 72 33 91 -6 88 91 -12 -76 -78 95 63 45 54 13 58 -19 30 48 -98 37 97

Answer:
-46 72 38 1 -84 50 -57 72 91 88 -12 -78 63 54 58 30 -98 97 

