Name:
Больше предыдущего

Statement:
Дан список чисел. Выведите все элементы списка, которые больше предыдущего элемента.

Test:
1 5 2 4 3

Answer:
5 4 


Test:
1 2 3 4 5

Answer:
2 3 4 5 


Test:
5 4 3 2 1

Answer:



Test:
1 5 1 5 1

Answer:
5 5 


Test:
5 1 5 1 5

Answer:
5 5 


Test:
5 5 5 5 5

Answer:



Test:
1 1 1 5 1

Answer:
5 


Test:
345354

Answer:



Test:
1 465

Answer:
465 


Test:
4 -54643

Answer:



Test:
2147483647 0 1 2 3

Answer:
1 2 3 


Test:
1 2 3 4 -2147483648

Answer:
2 3 4 


Test:
-9 29 -100 64 26 73 -96 28 -92 11 -14 -86 -54 -67 -33 38 -65 -66 72 41 35 81 43 -75 -34 -72 80 23 96 -83 51 -25 85 8 -4 -42 65 18 0 -97 -81 52 -54 57 11 -34 49 -61 -53 9 34 12 41 -4 -31 -94 77 -63 21 25 20 -16 47 2 98 -25 -89 76 -61 17 7 -16 -87 -36 17 -10 2 -85 -97 10 -64 51 -30 0 -42 -29 -63 -81 56 -100 24 23 -37 81 83 -15 -53 36 -28 97

Answer:
29 64 73 28 11 -54 -33 38 72 81 -34 80 96 51 85 65 -81 52 57 49 -53 9 34 41 77 21 25 47 98 76 17 -36 17 2 10 51 0 -29 56 24 81 83 36 97 


