Name:
Больше своих соседей

Statement:
Дан список чисел. Определите, сколько в этом списке элементов, которые больше двух своих соседей, и выведите количество таких элементов.
Крайние элементы списка никогда не учитываются, поскольку у них недостаточно соседей.

Test:
1 2 3 4 5

Answer:
0


Test:
5 4 3 2 1

Answer:
0


Test:
1 5 1 5 1

Answer:
2


Test:
5 1 5 1 5

Answer:
1


Test:
5 5 5 5 5

Answer:
0


Test:
1 1 1 5 1

Answer:
1


Test:
345354

Answer:
0


Test:
1 465

Answer:
0


Test:
4 -54643

Answer:
0


Test:
2147483647 0 1 2 3

Answer:
0


Test:
1 2 3 4 -2147483648

Answer:
1


Test:
-9 29 -100 64 26 73 -96 28 -92 11 -14 -86 -54 -67 -33 38 -65 -66 72 41 35 81 43 -75 -34 -72 80 23 96 -83 51 -25 85 8 -4 -42 65 18 0 -97 -81 52 -54 57 11 -34 49 -61 -53 9 34 12 41 -4 -31 -94 77 -63 21 25 20 -16 47 2 98 -25 -89 76 -61 17 7 -16 -87 -36 17 -10 2 -85 -97 10 -64 51 -30 0 -42 -29 -63 -81 56 -100 24 23 -37 81 83 -15 -53 36 -28 97

Answer:
36

Test:
2147483647 0 1 0 2147483647

Answer:
1



