Name:
Количество различных элементов

Statement:
Дан список, упорядоченный по неубыванию элементов в нем. Определите, сколько в нем различных элементов.

Test:
1 2 2 3 3 3

Answer:
3


Test:
1 2 3 4 5

Answer:
5


Test:
1 1 1 1 1

Answer:
1


Test:
1 1 2 2 2 3 4 5 6 7

Answer:
7


Test:
-100 -99 -98 -97 -96

Answer:
5


Test:
-100 -100 -98 -50 1

Answer:
4


Test:
2147483647 2147483647 2147483647 2147483647 2147483647

Answer:
1


Test:
-2147483648 -2147483648 -2147483648 -2147483648 -2147483648

Answer:
1


Test:
2147483640 2147483641 2147483644 2147483645 2147483647

Answer:
5


Test:
-2147483648 -2147483647 -2147483647 -2147483646 -2147483645

Answer:
4


Test:
-64 -45 -38 -16 -14 -7 2 53 70 80

Answer:
10


Test:
-98 -97 -95 -95 -94 -92 -88 -88 -85 -85 -83 -82 -81 -80 -77 -75 -72 -67 -63 -63 -60 -58 -56 -54 -52 -47 -46 -45 -45 -44 -41 -40 -37 -30 -28 -28 -28 -28 -28 -24 -24 -24 -20 -17 -16 -16 -16 -16 -15 -12 -3 -1 -1 -1 1 13 16 17 19 26 26 30 33 40 47 50 52 53 53 54 56 56 57 57 58 60 62 63 64 71 71 72 73 75 75 79 79 80 81 81 82 83 86 86 87 89 90 93 97 98

Answer:
75
